1.000000e+00
2.000000e+00
6.000000e+00
2.400000e+01
1.200000e+02
7.200000e+02
5.040000e+03
4.032000e+04
3.628800e+05
3.628800e+06
3.991680e+07
4.790016e+08
6.227021e+09
8.717829e+10
1.307674e+12
2.092279e+13
3.556874e+14
6.402374e+15
1.216451e+17
2.432902e+18
1.000000e+00
2.000000e+00
6.000000e+00
2.400000e+01
1.200000e+02
7.200000e+02
5.040000e+03
4.032000e+04
3.628800e+05
3.628800e+06
3.991680e+07
4.790016e+08
6.227021e+09
8.717829e+10
1.307674e+12
2.092279e+13
3.556874e+14
6.402374e+15
1.216451e+17
2.432902e+18
1.000000e+00
2.000000e+00
6.000000e+00
2.400000e+01
1.200000e+02
7.200000e+02
5.040000e+03
4.032000e+04
3.628800e+05
3.628800e+06
3.991680e+07
4.790016e+08
6.227021e+09
8.717829e+10
1.307674e+12
2.092279e+13
3.556874e+14
6.402374e+15
1.216451e+17
2.432902e+18
1
2
6
24
120
720
5040
40320
362880
3628800
39916800
479001600
6227020800
87178291200
1307674368000
20922789888000
355687428096000
6402373705728000
121645100408832000
2432902008176640000
1
2
6
24
120
720
5040
40320
362880
3628800
39916800
479001600
6227020800
87178291200
1307674368000
20922789888000
355687428096000
6402373705728000
121645100408832000
2432902008176640000
1
2
6
24
120
720
5040
40320
362880
3628800
39916800
479001600
6227020800
87178291200
1307674368000
20922789888000
355687428096000
6402373705728000
121645100408832000
2432902008176640000
